5840|1|448|0
5276|1|405|0
5764|1|478|0
5202|1|443|0
6357|1|503|0
6357|1|498|0
5450|1|477|0
6108|1|550|0
5571|1|452|0
5679|1|334|0
6251|1|402|0
6628|1|428|0
5726|1|396|0
5817|1|392|0
5895|1|465|0
5946|1|478|0
5768|1|474|0
5717|1|327|0
6425|1|432|0
5902|1|399|0
6287|1|423|0
5653|1|438|0
5245|1|500|0
5594|1|473|0
5774|1|438|0
5242|1|365|0
6797|1|601|0
5284|1|332|0
6901|2|554|0
6160|1|521|0
5734|1|502|0
6085|1|424|0
6324|1|488|0
6228|1|477|0
5859|1|344|0
5662|1|400|0
5908|1|370|0
5574|1|360|0
6179|1|430|0
5889|1|482|0
6461|1|479|0
5773|1|468|0
5963|1|417|0
6090|1|489|0
5846|1|479|0
5663|1|402|0
6069|1|515|0
5730|1|491|0
5638|1|472|0
6285|1|566|0
6440|1|601|0
6209|1|478|0
6240|1|490|0
5603|2|446|0
5523|1|347|0
6938|1|504|0
6436|2|422|0
5952|1|479|0
5805|1|487|0
5712|1|470|0
5647|1|383|0
5354|1|428|0
6103|1|461|0
6235|1|507|0
5060|1|388|0
5671|1|545|0
6548|1|463|0
6651|1|596|0
6270|1|521|0
6160|1|425|0
6065|1|502|0
5460|1|379|0
6535|1|514|0
5352|1|421|0
5939|1|443|0
5858|1|406|0
5812|1|479|0
6237|1|442|0
6114|1|444|0
5825|1|448|0
5509|1|402|0
5760|1|462|0
6384|1|524|0
5758|1|379|0
6406|1|428|0
5730|1|376|0
6035|1|414|0
5722|1|332|0
5803|1|400|0
6164|1|438|0
4884|1|410|0
5856|1|453|0
6033|1|437|0
6163|1|440|0
5559|1|432|0
7545|2|638|0
5938|1|391|0
5779|1|391|0
6311|1|496|0
6275|1|438|0
5770|1|405|0
6144|1|418|0
6532|1|394|0
6470|1|456|0
6262|1|366|0
6530|1|511|0
6959|1|555|0
5879|1|401|0
7193|2|524|0
6644|1|403|0
7321|1|632|0
6332|1|487|0
6316|1|374|0
5722|1|336|0
5918|1|364|0
5768|1|445|0
6233|1|421|0
5938|1|435|0
6702|1|412|0
6607|1|403|0
6423|1|379|0
6464|1|409|0
6409|1|412|0
6555|1|449|0
6314|1|463|0
6383|1|513|0
6179|1|408|0
5561|1|400|0
6341|1|463|0
6050|1|545|0
4626|1|428|0
6028|1|471|0
6111|2|445|0
5585|1|413|0
6306|1|454|0
6548|1|498|0
6281|1|400|0
6097|1|486|0
5871|1|412|0
5859|1|480|0
5963|1|452|0
6216|1|413|0
5879|1|412|0
5772|1|423|0
6199|1|429|0
5603|1|443|0
5787|1|421|0
5897|1|445|0
6270|1|543|0
6125|1|419|0
6302|1|474|0
6220|1|406|0
6063|1|612|0
5821|1|473|0
6513|1|523|0
5982|1|440|0
5968|1|448|0
6031|1|453|0
5743|1|472|0
5913|1|434|0
5909|2|484|0
6663|1|505|0
5768|1|494|0
6119|1|476|0
6020|1|418|0
5367|1|404|0
5619|1|431|0
6278|1|428|0
5722|1|449|0
5518|1|404|0
7126|1|646|0
6334|1|513|0
6036|1|465|0
6086|1|453|0
6304|1|506|0
5865|1|350|0
5831|1|446|0
6241|1|489|0
5468|1|392|0
6193|1|504|0
6787|1|526|0
5841|1|488|0
5635|1|408|0
5826|1|439|0
6258|1|449|0
5747|1|371|0
6038|1|423|0
6174|1|420|0
6803|1|442|0
5825|1|435|0
5385|1|474|0
5700|1|442|0
5829|1|384|0
5940|1|411|0
5421|1|391|0
5550|1|380|0
6393|1|532|0
5236|1|411|0
5761|1|399|0
6194|1|538|0
6112|1|553|0
5994|1|423|0
6353|1|504|0
6562|1|487|0
5380|1|404|0
5992|1|485|0
6240|1|444|0
5445|1|429|0
6094|1|471|0
5899|1|420|0
5883|1|449|0
5248|1|379|0
5835|1|460|0
5496|1|350|0
5595|1|379|0
5705|1|458|0
5923|1|507|0
6078|1|438|0
6242|1|479|0
6442|1|497|0
5086|1|394|0
6493|1|486|0
6406|1|587|0
5188|1|444|0
5696|1|461|0
5586|1|436|0
5597|1|407|0
7116|1|559|0
6230|1|495|0
4301|1|413|0
5469|1|440|0
6145|1|487|0
5841|1|479|0
5347|1|361|0
5539|1|435|0
5936|1|433|0
5284|1|373|0
6275|1|475|0
6010|1|462|0
5360|1|353|0
5879|1|489|0
6067|1|458|0
5453|1|416|0
5373|1|383|0
6278|1|528|0
5344|1|394|0
5864|1|453|0
6095|1|435|0
6028|1|471|0
5663|1|431|0
5781|1|391|0
6009|1|517|0
5205|1|369|0
6391|1|526|0
5476|1|431|0
5530|1|343|0
6107|1|399|0
5300|1|417|0
5540|1|442|0
5661|1|382|0
5713|1|399|0
6124|1|484|0
5892|1|416|0
5920|1|492|0
5638|1|366|0
6307|1|471|0
6139|1|443|0
6105|1|524|0
6264|1|492|0
5750|1|371|0
6602|1|534|0
5716|1|383|0
6167|1|432|0
5860|1|489|0
6312|1|505|0
6006|1|430|0
6191|1|384|0
6093|1|409|0
5754|1|379|0
5856|1|412|0
6486|1|492|0
5719|1|337|0
6433|1|487|0
6454|1|420|0
6275|1|506|0
6635|1|430|0
6160|1|394|0
6123|1|471|0
6263|1|556|0
6605|1|508|0
6062|1|444|0
5990|1|337|0
7099|1|428|0
6992|1|425|0
7091|1|328|0
6419|1|371|0
6836|1|422|0
6379|1|329|0
5645|1|410|0
7199|1|511|0
6827|1|455|0
6617|1|411|0
6160|1|440|0
6852|1|373|0
6251|1|346|0
6431|1|334|0
6742|1|416|0
7165|1|501|0
6619|1|524|0
6168|1|532|0
6440|1|439|0
6443|1|494|0
6117|1|421|0
6536|1|553|0
5987|1|408|0
6409|1|538|0
6197|1|473|0
5912|1|432|0
6443|1|503|0
5961|1|458|0
5987|1|414|0
5924|1|456|0
5934|1|466|0
5961|1|404|0
6136|1|436|0
6885|1|600|0
6804|1|621|0
6187|1|484|0
6287|1|445|0
6092|1|427|0
5880|1|424|0
6252|1|492|0
7730|2|601|0
5828|1|460|0
5831|1|373|0
6477|1|504|0
6724|2|515|0
5653|1|489|0
6099|1|458|0
6062|1|482|0
6653|1|474|0
6242|1|564|0
6343|1|492|0
5998|1|401|0
5908|1|447|0
6468|1|456|0
6157|1|470|0
6110|1|430|0
5900|1|446|0
6042|1|509|0
5691|1|419|0
7471|1|636|0
6428|1|513|0
6572|1|398|0
6732|1|340|0
6769|1|434|0
7036|1|411|0
7905|1|370|0
7060|1|396|0
6908|1|349|0
6378|1|363|0
6621|1|396|0
7304|1|403|0
6522|1|359|0
6724|1|393|0
6974|1|434|0
6819|1|400|0
6888|1|449|0
6800|1|335|0
8216|2|686|0
6133|1|427|0
6524|1|462|0
6571|1|522|0
6617|1|458|0
5917|1|515|0
6761|1|480|0
6633|1|478|0
5461|1|422|0
6659|1|527|0
6485|1|437|0
5785|1|419|0
6296|1|470|0
5705|1|502|0
6295|1|470|0
6418|1|466|0
6007|2|459|0
6159|1|400|0
7134|1|525|0
6652|1|518|0
6431|1|459|0
5913|1|389|0
6672|1|487|0
6098|1|441|0
6252|1|466|0
6393|1|528|0
5664|1|438|0
5975|1|422|0
6611|2|425|0
6685|1|509|0
6152|1|421|0
5812|1|433|0
6292|1|420|0
5986|1|404|0
6678|1|465|0
5957|1|538|0
5903|1|483|0
6092|1|465|0
6242|1|424|0
5992|1|357|0
5565|1|428|0
5739|1|469|0
6142|1|345|0
5700|1|470|0
6671|1|502|0
6433|1|467|0
6572|1|447|0
6108|1|331|0
6886|1|549|0
5931|1|425|0
5526|1|471|0
5284|1|356|0
5492|1|406|0
6001|1|470|0
5423|1|387|0
5726|1|362|0
5864|1|394|0
6385|1|436|0
5649|1|382|0
6004|1|460|0
6399|1|456|0
5868|1|369|0
5842|1|344|0
6475|1|396|0
5875|1|339|0
6338|1|542|0
5832|1|406|0
6356|1|443|0
5659|1|301|0
6301|1|393|0
5926|1|442|0
5931|1|400|0
5859|1|361|0
6309|1|404|0
5681|1|361|0
6424|1|380|0
5881|1|412|0
6480|1|494|0
6157|1|416|0
5890|1|409|0
6349|1|466|0
6411|1|392|0
5875|1|442|0
5135|1|412|0
5601|1|383|0
6427|1|494|0
6151|1|402|0
5738|1|381|0
5767|1|421|0
5678|1|392|0
5767|1|397|0
6476|1|423|0
6202|1|444|0
5576|1|418|0
5565|1|414|0
6097|1|394|0
5381|1|379|0
5954|1|396|0
6362|1|460|0
5493|1|423|0
5867|1|433|0
5767|1|462|0
5528|1|419|0
6524|1|322|0
5269|1|439|0
5607|1|377|0
6049|1|357|0
5897|1|366|0
5663|1|382|0
5737|1|353|0
5991|1|438|0
5799|1|400|0
5984|1|409|0
5784|1|337|0
5720|2|367|0
5509|1|352|0
5943|1|373|0
5620|1|422|0
5879|1|490|0
5902|1|351|0
5746|1|395|0
5492|1|376|0
5481|1|409|0
6318|1|450|0
5715|1|384|0
5738|1|367|0
5234|1|398|0
5532|1|455|0
5530|1|435|0
5210|1|365|0
7583|1|591|0
5126|1|323|0
6009|1|375|0
5952|1|489|0
5869|1|372|0
5455|1|392|0
5305|1|361|0
5775|1|426|0
5755|1|390|0
5453|1|425|0
6051|1|376|0
5571|1|410|0
5438|1|382|0
5689|1|356|0
6252|1|564|0
5470|1|346|0
6092|1|423|0
5797|1|392|0
5881|1|364|0
6012|1|414|0
5688|1|366|0
5371|1|343|0
4796|1|343|0
6178|1|434|0
5904|1|391|0
5555|1|372|0
5690|1|469|0
6279|1|419|0
6036|1|389|0
5785|1|475|0
5568|1|415|0
5561|1|375|0
5951|1|397|0
5799|1|379|0
5633|1|342|0
6229|1|422|0
5907|1|401|0
5832|1|375|0
5706|1|370|0
6225|1|403|0
5926|1|369|0
6169|1|466|0
5412|1|375|0
6142|1|418|0
5338|1|340|0
5753|1|433|0
6127|1|431|0
5164|1|384|0
5573|1|333|0
5800|1|346|0
4965|1|339|0
5435|1|356|0
5256|1|424|0
6100|1|371|0
5294|1|323|0
5764|1|339|0
6025|1|444|0
5176|1|307|0
5169|1|324|0
5698|1|396|0
5277|1|345|0
5606|1|350|0
5730|1|396|0
5321|1|315|0
5508|1|381|0
5495|1|334|0
5473|1|330|0
5435|1|337|0
5857|1|404|0
5092|1|321|0
5551|1|392|0
5625|1|468|0
5870|1|398|0
5258|1|399|0
5807|1|435|0
5778|1|407|0
5104|1|356|0
5522|1|320|0
5505|1|374|0
5598|1|342|0
6694|1|646|0
5329|1|358|0
5526|1|419|0
5499|1|354|0
5439|1|361|0
5598|1|342|0
5119|1|372|0
6066|1|398|0
4842|1|362|0
5466|1|385|0
5717|1|366|0
5127|1|381|0
4794|1|380|0
5423|1|313|0
5174|1|358|0
5307|1|383|0
5415|1|368|0
6203|1|553|0
5614|1|495|0
5642|1|464|0
4888|1|518|0
5166|1|376|0
6222|1|577|0
4740|1|362|0
5444|1|396|0
4943|1|370|0
5452|1|381|0
5543|1|445|0
5603|1|502|0
4995|1|339|0
4994|1|325|0
5763|1|365|0
4960|1|317|0
6145|1|455|0
5703|1|362|0
5689|1|306|0
5062|1|343|0
5413|1|353|0
4858|1|359|0
4847|1|325|0
5262|1|346|0
5483|1|267|0
5549|1|393|0
5744|1|445|0
5828|1|359|0
5016|1|325|0
5568|1|383|0
5615|1|389|0
5313|1|341|0
5425|1|368|0
5501|1|386|0
6610|1|516|0
5121|1|387|0
4946|1|365|0
4860|1|305|0
5202|1|351|0
5412|1|315|0
5235|1|356|0
5826|1|398|0
5478|1|448|0
5651|1|346|0
5252|1|409|0
5228|1|404|0
5632|1|384|0
4818|1|259|0
4781|1|346|0
5106|1|376|0
5560|1|343|0
5133|1|418|0
5463|1|384|0
5608|1|368|0
5754|1|343|0
5367|1|315|0
5914|1|418|0
5311|1|301|0
5435|1|332|0
5405|1|292|0
5494|1|318|0
5641|1|344|0
5293|1|363|0
5320|1|399|0
5013|1|347|0
5331|1|351|0
5026|1|324|0
5325|1|336|0
5628|1|408|0
5682|1|399|0
5124|1|314|0
5747|1|414|0
5372|1|363|0
5238|1|289|0
4832|1|363|0
5194|1|334|0
5354|1|332|0
5030|1|370|0
5051|1|424|0
5565|1|434|0
5373|1|304|0
5576|1|407|0
5487|1|328|0
5095|1|301|0
5484|1|391|0
5714|1|300|0
5193|1|325|0
5087|1|410|0
5217|1|402|0
5103|1|399|0
5288|1|354|0
5368|1|314|0
5253|1|361|0
5286|1|369|0
5160|1|388|0
5649|1|396|0
5230|1|308|0
5327|1|358|0
5310|1|405|0
5360|1|366|0
5329|1|407|0
5541|1|400|0
5788|1|372|0
5227|1|362|0
5454|1|435|0
6927|1|640|0
5451|1|387|0
4937|1|378|0
5342|1|372|0
5260|1|326|0
4570|1|328|0
5614|1|348|0
5264|1|382|0
5245|1|345|0
5051|1|369|0
5165|1|326|0
5596|1|408|0
5395|1|369|0
5097|1|322|0
4989|1|337|0
5244|1|320|0
5112|1|291|0
5008|1|308|0
5321|1|398|0
5448|1|378|0
5657|1|329|0
5054|1|335|0
5391|1|406|0
4726|1|339|0
5448|1|294|0
5671|1|315|0
5491|1|342|0
4724|1|304|0
5459|1|347|0
5260|1|295|0
4946|1|275|0
5584|1|367|0
5300|1|314|0
4681|1|354|0
4802|1|284|0
5217|1|274|0
4970|1|296|0
4737|1|341|0
5040|1|419|0
5326|1|287|0
4853|1|304|0
5442|1|280|0
4744|1|288|0
4799|1|284|0
5242|1|302|0
5130|1|373|0
5053|1|287|0
5336|1|356|0
5526|1|358|0
4779|1|350|0
4937|1|294|0
5159|1|314|0
5116|1|294|0
5109|1|289|0
5315|1|427|0
5743|1|393|0
4412|1|327|0
5116|1|321|0
4874|1|320|0
4803|1|329|0
5163|1|351|0
4979|1|360|0
5061|1|369|0
5346|1|326|0
4996|1|413|0
5045|1|464|0
5043|1|359|0
5213|1|262|0
5553|1|352|0
4766|1|293|0
5531|1|312|0
5392|1|318|0
5472|1|357|0
4516|1|346|0
5805|1|392|0
5505|1|377|0
5307|1|356|0
5345|1|361|0
5055|1|313|0
5555|1|399|0
5433|1|404|0
4915|1|287|0
4767|1|320|0
4635|1|287|0
5223|1|289|0
5016|1|329|0
5549|1|305|0
5633|1|423|0
5134|1|266|0
5135|1|298|0
5215|1|361|0
5002|1|296|0
5441|1|336|0
4857|1|238|0
4697|1|223|0
5194|1|217|0
5179|1|261|0
4613|1|265|0
5027|1|311|0
4917|1|340|0
5182|1|317|0
5126|1|411|0
5227|1|319|0
5422|1|323|0
4598|1|233|0
4953|1|342|0
4874|1|287|0
5158|1|266|0
5139|1|244|0
5017|1|206|0
5038|1|209|0
5184|1|310|0
5361|1|346|0
5048|1|275|0
4761|1|260|0
5202|1|327|0
4991|1|347|0
5169|1|306|0
4789|1|246|0
4641|1|217|0
4987|1|279|0
5351|1|301|0
5389|1|353|0
5109|1|253|0
5149|1|348|0
4789|1|291|0
4262|1|312|0
5174|1|287|0
4545|1|317|0
4948|1|221|0
4894|1|268|0
4992|1|235|0
4291|1|247|0
4683|1|192|0
5172|1|241|0
4862|1|214|0
4701|1|239|0
5290|1|326|0
5298|1|261|0
4469|1|242|0
4717|1|303|0
4992|1|234|0
4966|1|229|0
5151|1|264|0
4617|1|214|0
4934|1|196|0
4895|1|292|0
5082|1|467|0
5284|1|327|0
5040|1|278|0
5116|1|303|0
4877|1|213|0
4810|1|235|0
5140|1|304|0
5061|1|242|0
5026|1|224|0
5154|1|214|0
4896|1|195|0
5174|1|226|0
5045|1|352|0
4989|1|242|0
4937|1|201|0
4906|1|236|0
4850|1|208|0
4447|1|228|0
4916|1|209|0
4895|1|222|0
4503|1|182|0
4839|1|227|0
4947|1|236|0
4727|1|242|0
4453|1|259|0
4720|1|189|0
5114|1|270|0
4386|1|224|0
4992|1|312|0
4664|1|263|0
4487|1|206|0
4683|1|247|0
4621|1|212|0
4813|1|196|0
5076|1|236|0
4716|1|275|0
4567|1|212|0
4686|1|249|0
5243|1|280|0
4437|1|219|0
4876|1|258|0
4783|1|175|0
4603|1|198|0
4625|1|276|0
5075|1|265|0
4394|1|248|0
4801|1|187|0
4318|1|264|0
4757|1|244|0
4578|1|185|0
4964|1|245|0
4477|1|235|0
4381|1|199|0
4629|1|216|0
4539|1|295|0
4619|1|177|0
4759|1|197|0
4356|1|235|0
4371|1|209|0
4441|1|164|0
4259|1|187|0
4514|1|187|0
4308|1|238|0
4656|1|156|0
4528|1|232|0
4613|1|210|0
4801|1|225|0
4479|1|240|0
4333|1|183|0
4448|1|189|0
5304|1|237|0
4197|1|199|0
4707|1|185|0
4469|1|247|0
4861|1|207|0
4483|1|271|0
4482|1|190|0
4620|1|237|0
4975|1|189|0
4824|1|229|0
4664|1|179|0
4088|1|190|0
4510|1|227|0
4332|1|207|0
4723|1|189|0
4584|1|162|0
4572|1|220|0
4531|1|187|0
4633|1|248|0
4749|1|200|0
4591|1|178|0
4602|1|214|0
4957|1|294|0
4407|1|224|0
4076|1|249|0
4698|1|198|0
4205|1|152|0
4010|1|251|0
4776|1|228|0
4427|1|206|0
4522|1|245|0
4670|1|178|0
4750|1|213|0
4604|1|197|0
4833|1|223|0
4398|1|183|0
4148|1|215|0
4730|1|203|0
4578|1|210|0
4663|1|200|0
4391|1|237|0
4824|1|197|0
4703|1|148|0
4781|1|198|0
4729|1|228|0
5020|1|173|0
4564|1|247|0
4190|1|188|0
4519|1|219|0
5046|1|199|0
4707|1|180|0
4569|1|168|0
4004|1|257|0
4611|1|183|0
4160|1|216|0
4417|1|157|0
4705|1|193|0
4309|1|193|0
4588|1|173|0
4530|1|200|0
3926|1|214|0
4122|1|188|0
4665|1|190|0
4097|1|241|0
4344|1|252|0
4496|1|195|0
4428|1|138|0
4662|1|159|0
4805|1|342|0
4143|1|209|0
4278|1|200|0
4265|1|285|0
4665|1|229|0
4606|1|215|0
4355|1|232|0
4319|1|192|0
4047|1|210|0
4484|1|195|0
4494|1|152|0
4299|1|214|0
4549|1|201|0
4474|1|185|0
4310|1|155|0
4817|1|202|0
4750|1|204|0
4554|1|143|0
4572|1|149|0
4500|1|192|0
4580|1|200|0
3947|1|238|0
571|0|142|1
438|0|148|1
548|0|161|1
467|0|137|1
461|0|166|1
521|0|149|1
479|0|141|1
523|0|150|1
394|0|131|1
533|0|142|1
577|0|145|1
392|0|130|1
419|0|136|1
477|0|127|1
401|0|144|1
537|0|161|1
448|0|126|1
456|0|166|1
633|0|136|1
508|0|133|1
533|0|185|1
384|0|116|1
515|0|158|1
528|0|168|1
387|0|131|1
529|0|148|1
571|0|172|1
419|0|151|1
407|0|135|1
669|0|161|1
467|0|164|1
479|0|126|1
461|0|125|1
451|0|160|1
503|0|132|1
414|0|115|1
467|0|160|1
457|0|126|1
451|0|129|1
603|0|182|1
383|0|139|1
533|0|146|1
698|0|174|1
393|0|137|1
427|0|128|1
621|0|140|1
460|0|150|1
525|0|138|1
506|0|129|1
586|0|179|1
446|0|123|1
473|0|136|1
522|0|167|1
365|0|119|1
532|0|170|1
669|0|197|1
385|0|137|1
425|0|125|1
460|0|133|1
410|0|133|1
518|0|153|1
447|0|138|1
472|0|134|1
498|0|128|1
501|0|135|1
652|0|182|1
513|0|132|1
532|0|145|1
558|0|163|1
417|0|133|1
593|0|161|1
531|0|153|1
349|0|132|1
444|0|136|1
547|0|134|1
385|0|158|1
456|0|131|1
492|0|128|1
415|0|144|1
495|0|133|1
489|0|128|1
503|0|171|1
633|0|146|1
539|0|149|1
503|0|169|1
392|0|127|1
541|0|147|1
479|0|154|1
423|0|156|1
470|0|141|1
490|0|126|1
419|0|151|1
577|0|140|1
480|0|123|1
464|0|173|1
642|0|132|1
492|0|129|1
430|0|160|1
660|0|150|1
539|0|140|1
519|0|146|1
484|0|155|1
500|0|142|1
502|0|169|1
365|0|133|1
460|0|148|1
638|0|146|1
495|0|183|1
487|0|137|1
499|0|144|1
538|0|162|1
526|0|147|1
506|0|124|1
630|0|186|1
513|0|145|1
399|0|127|1
567|0|170|1
439|0|148|1
524|0|155|1
747|0|172|1
523|0|128|1
503|0|126|1
421|0|140|1
589|0|168|1
484|0|136|1
638|0|195|1
541|0|152|1
532|0|144|1
537|0|170|1
426|0|147|1
458|0|134|1
524|0|146|1
401|0|135|1
493|0|164|1
487|0|125|1
382|0|138|1
495|0|148|1
600|0|153|1
419|0|158|1
536|0|145|1
444|0|112|1
430|0|161|1
633|0|135|1
435|0|127|1
541|0|154|1
390|0|132|1
516|0|136|1
477|0|138|1
411|0|149|1
532|0|130|1
504|0|149|1
381|0|124|1
490|0|124|1
661|0|160|1
399|0|125|1
450|0|132|1
430|0|136|1
434|0|161|1
415|0|132|1
438|0|126|1
430|0|159|1
463|0|157|1
421|0|123|1
460|0|144|1
467|0|125|1
500|0|129|1
563|0|178|1
608|0|165|1
486|0|138|1
557|0|178|1
439|0|147|1
543|0|153|1
486|0|141|1
418|0|139|1
420|0|132|1
414|0|104|1
473|0|163|1
533|0|144|1
465|0|119|1
452|0|168|1
481|0|129|1
526|0|139|1
539|0|171|1
465|0|132|1
453|0|133|1
570|0|182|1
445|0|138|1
416|0|128|1
552|0|176|1
401|0|140|1
501|0|154|1
785|0|191|1
406|0|150|1
457|0|140|1
657|0|156|1
427|0|155|1
414|0|137|1
685|0|142|1
407|0|146|1
444|0|123|1
449|0|132|1
395|0|146|1
542|0|145|1
471|0|127|1
521|0|158|1
462|0|145|1
555|0|144|1
517|0|161|1
372|0|123|1
554|0|140|1
625|0|144|1
357|0|135|1
484|0|154|1
482|0|128|1
441|0|162|1
399|0|111|1
614|0|163|1
398|0|126|1
732|0|146|1
503|0|137|1
404|0|126|1
543|0|128|1
524|0|150|1
507|0|159|1
507|0|143|1
485|0|143|1
553|0|185|1
433|0|119|1
474|0|156|1
446|0|146|1
408|0|150|1
379|0|126|1
498|0|121|1
403|0|129|1
519|0|113|1
487|0|135|1
418|0|153|1
497|0|148|1
538|0|139|1
430|0|145|1
505|0|134|1
461|0|118|1
620|0|155|1
626|0|127|1
549|0|139|1
519|0|156|1
413|0|134|1
452|0|142|1
505|0|145|1
430|0|141|1
405|0|136|1
495|0|128|1
443|0|141|1
559|0|157|1
478|0|134|1
539|0|147|1
645|0|162|1
499|0|150|1
549|0|179|1
433|0|137|1
480|0|135|1
516|0|146|1
373|0|137|1
409|0|120|1
478|0|128|1
397|0|140|1
407|0|138|1
667|0|161|1
406|0|124|1
438|0|142|1
564|0|131|1
458|0|152|1
494|0|147|1
437|0|134|1
413|0|154|1
459|0|120|1
484|0|157|1
466|0|141|1
384|0|128|1
555|0|136|1
448|0|149|1
529|0|146|1
521|0|150|1
582|0|165|1
490|0|148|1
495|0|131|1
548|0|148|1
391|0|138|1
488|0|154|1
565|0|157|1
399|0|143|1
535|0|151|1
735|0|186|1
395|0|129|1
452|0|149|1
608|0|161|1
402|0|141|1
507|0|145|1
539|0|144|1
468|0|142|1
503|0|141|1
478|0|120|1
529|0|149|1
500|0|117|1
489|0|138|1
508|0|156|1
543|0|130|1
453|0|124|1
788|0|172|1
457|0|68|1
618|0|161|1
621|0|161|1
589|0|141|1
591|0|144|1
513|0|141|1
470|0|133|1
588|0|140|1
624|0|178|1
624|0|153|1
567|0|137|1
489|0|143|1
656|0|148|1
511|0|148|1
579|0|164|1
537|0|139|1
656|0|149|1
541|0|142|1
538|0|129|1
606|0|150|1
581|0|157|1
706|0|159|1
511|0|132|1
573|0|153|1
650|0|143|1
634|0|133|1
537|0|149|1
560|0|127|1
508|0|125|1
428|0|145|1
522|0|132|1
532|0|140|1
524|0|151|1
513|0|156|1
574|0|150|1
490|0|133|1
502|0|143|1
581|0|141|1
454|0|125|1
498|0|151|1
521|0|129|1
537|0|143|1
413|0|131|1
536|0|129|1
488|0|123|1
530|0|123|1
526|0|124|1
546|0|181|1
438|0|140|1
713|0|187|1
437|0|149|1
487|0|136|1
573|0|160|1
432|0|148|1
568|0|148|1
609|0|174|1
446|0|147|1
647|0|169|1
751|0|194|1
437|0|136|1
514|0|155|1
628|0|178|1
538|0|135|1
484|0|147|1
633|0|183|1
477|0|119|1
503|0|146|1
555|0|152|1
616|0|145|1
445|0|128|1
488|0|165|1
550|0|141|1
611|0|152|1
415|0|139|1
603|0|141|1
607|0|155|1
432|0|146|1
439|0|144|1
528|0|132|1
461|0|139|1
452|0|143|1
673|0|141|1
434|0|136|1
465|0|150|1
590|0|133|1
392|0|126|1
604|0|141|1
507|0|128|1
468|0|150|1
396|0|116|1
508|0|116|1
474|0|140|1
428|0|144|1
671|0|159|1
504|0|144|1
517|0|154|1
709|0|162|1
440|0|137|1
600|0|154|1
580|0|151|1
467|0|149|1
546|0|140|1
552|0|178|1
513|0|138|1
494|0|142|1
603|0|182|1
712|0|155|1
532|0|138|1
580|0|166|1
632|0|142|1
548|0|132|1
508|0|137|1
653|0|138|1
494|0|125|1
581|0|167|1
587|0|151|1
514|0|150|1
598|0|179|1
474|0|152|1
600|0|160|1
731|0|195|1
464|0|117|1
531|0|143|1
563|0|162|1
480|0|151|1
581|0|152|1
501|0|153|1
550|0|147|1
497|0|135|1
664|0|179|1
709|0|155|1
507|0|125|1
508|0|170|1
668|0|126|1
487|0|129|1
537|0|151|1
550|0|146|1
519|0|138|1
453|0|157|1
523|0|132|1
615|0|148|1
470|0|144|1
425|0|133|1
503|0|136|1
445|0|152|1
420|0|123|1
548|0|143|1
455|0|126|1
479|0|160|1
464|0|118|1
443|0|129|1
541|0|155|1
792|0|171|1
438|0|128|1
523|0|148|1
596|0|167|1
434|0|140|1
571|0|139|1
614|0|158|1
466|0|128|1
566|0|160|1
586|0|140|1
616|0|143|1
577|0|152|1
588|0|175|1
691|0|152|1
557|0|156|1
564|0|173|1
429|0|138|1
579|0|167|1
583|0|161|1
402|0|137|1
529|0|144|1
618|0|170|1
563|0|175|1
453|0|153|1
669|0|194|1
734|0|161|1
541|0|135|1
568|0|173|1
494|0|138|1
487|0|141|1
405|0|138|1
527|0|137|1
398|0|105|1
419|0|130|1
341|0|134|1
451|0|117|1
354|0|135|1
384|0|114|1
461|0|118|1
377|0|139|1
491|0|137|1
390|0|119|1
412|0|128|1
478|0|131|1
553|0|152|1
427|0|113|1
506|0|144|1
496|0|148|1
404|0|128|1
478|0|132|1
478|0|137|1
494|0|132|1
409|0|137|1
496|0|135|1
484|0|144|1
457|0|113|1
455|0|149|1
525|0|134|1
513|0|134|1
440|0|144|1
394|0|111|1
441|0|127|1
501|0|150|1
597|0|143|1
496|0|123|1
480|0|160|1
502|0|123|1
487|0|117|1
456|0|133|1
512|0|114|1
492|0|130|1
545|0|146|1
658|0|130|1
409|0|134|1
402|0|123|1
545|0|133|1
455|0|138|1
437|0|146|1
546|0|148|1
496|0|133|1
619|0|179|1
490|0|117|1
442|0|127|1
426|0|157|1
441|0|138|1
389|0|114|1
509|0|140|1
455|0|118|1
480|0|110|1
513|0|180|1
474|0|148|1
385|0|128|1
467|0|140|1
378|0|119|1
508|0|123|1
404|0|134|1
391|0|124|1
455|0|125|1
386|0|127|1
438|0|124|1
558|0|146|1
451|0|123|1
499|0|154|1
449|0|130|1
375|0|115|1
493|0|149|1
490|0|156|1
518|0|137|1
447|0|136|1
436|0|131|1
494|0|148|1
498|0|145|1
474|0|119|1
419|0|134|1
460|0|142|1
685|0|139|1
479|0|121|1
439|0|138|1
543|0|140|1
464|0|120|1
400|0|123|1
446|0|122|1
413|0|140|1
378|0|129|1
522|0|132|1
530|0|178|1
429|0|147|1
569|0|137|1
544|0|137|1
562|0|129|1
530|0|152|1
607|0|157|1
405|0|129|1
521|0|149|1
474|0|111|1
382|0|138|1
508|0|145|1
527|0|141|1
414|0|138|1
464|0|144|1
466|0|131|1
421|0|133|1
455|0|131|1
464|0|115|1
401|0|122|1
470|0|142|1
399|0|99|1
386|0|146|1
335|0|122|1
527|0|109|1
430|0|130|1
417|0|132|1
387|0|111|1
392|0|118|1
557|0|154|1
496|0|134|1
453|0|145|1
526|0|120|1
502|0|119|1
433|0|137|1
375|0|115|1
438|0|117|1
440|0|127|1
651|0|138|1
408|0|114|1
502|0|139|1
547|0|128|1
454|0|138|1
509|0|170|1
449|0|122|1
465|0|130|1
486|0|154|1
469|0|132|1
412|0|118|1
536|0|140|1
630|0|110|1
468|0|127|1
519|0|151|1
470|0|115|1
489|0|131|1
492|0|139|1
464|0|135|1
447|0|111|1
492|0|154|1
500|0|136|1
486|0|142|1
512|0|137|1
393|0|130|1
472|0|131|1
518|0|144|1
454|0|142|1
459|0|132|1
458|0|129|1
559|0|148|1
450|0|130|1
522|0|145|1
453|0|124|1
501|0|128|1
497|0|129|1
402|0|129|1
511|0|144|1
454|0|124|1
379|0|119|1
494|0|168|1
507|0|137|1
445|0|123|1
457|0|119|1
550|0|128|1
434|0|133|1
471|0|146|1
510|0|124|1
356|0|112|1
428|0|129|1
452|0|128|1
384|0|126|1
436|0|136|1
421|0|129|1
394|0|142|1
416|0|128|1
410|0|123|1
380|0|146|1
419|0|124|1
480|0|120|1
439|0|152|1
378|0|122|1
434|0|115|1
429|0|127|1
569|0|148|1
455|0|107|1
525|0|146|1
479|0|154|1
482|0|111|1
422|0|139|1
486|0|128|1
499|0|127|1
446|0|120|1
600|0|145|1
454|0|137|1
505|0|147|1
429|0|117|1
470|0|125|1
439|0|146|1
456|0|121|1
462|0|120|1
392|0|129|1
540|0|123|1
447|0|112|1
513|0|140|1
624|0|132|1
473|0|124|1
495|0|139|1
394|0|132|1
486|0|126|1
437|0|142|1
430|0|138|1
507|0|125|1
461|0|138|1
495|0|132|1
536|0|153|1
541|0|137|1
583|0|129|1
481|0|142|1
462|0|139|1
344|0|113|1
436|0|120|1
431|0|136|1
492|0|132|1
509|0|129|1
448|0|132|1
398|0|133|1
434|0|117|1
482|0|139|1
625|0|137|1
477|0|131|1
500|0|156|1
396|0|132|1
481|0|115|1
508|0|135|1
393|0|133|1
461|0|130|1
504|0|160|1
398|0|114|1
572|0|164|1
547|0|150|1
361|0|126|1
414|0|107|1
521|0|126|1
376|0|121|1
399|0|123|1
426|0|122|1
372|0|120|1
448|0|109|1
495|0|136|1
392|0|103|1
500|0|136|1
404|0|119|1
363|0|125|1
333|0|107|1
402|0|110|1
415|0|121|1
586|0|120|1
358|0|116|1
401|0|139|1
382|0|114|1
426|0|103|1
368|0|138|1
490|0|133|1
478|0|114|1
380|0|127|1
376|0|122|1
429|0|125|1
411|0|124|1
384|0|104|1
473|0|116|1
394|0|131|1
635|0|142|1
422|0|126|1
438|0|150|1
500|0|135|1
412|0|109|1
607|0|160|1
507|0|144|1
501|0|117|1
528|0|151|1
395|0|136|1
455|0|121|1
505|0|126|1
438|0|140|1
416|0|122|1
420|0|139|1
431|0|158|1
419|0|144|1
503|0|127|1
386|0|135|1
458|0|137|1
519|0|115|1
422|0|139|1
504|0|131|1
477|0|131|1
411|0|142|1
333|0|128|1
493|0|131|1
385|0|128|1
420|0|119|1
512|0|150|1
367|0|107|1
383|0|116|1
488|0|131|1
416|0|128|1
506|0|114|1
455|0|122|1
440|0|150|1
398|0|129|1
417|0|124|1
363|0|118|1
394|0|153|1
474|0|130|1
402|0|123|1
459|0|135|1
497|0|130|1
417|0|128|1
523|0|133|1
524|0|133|1
351|0|118|1
481|0|141|1
473|0|125|1
416|0|139|1
455|0|132|1
581|0|139|1
392|0|111|1
476|0|128|1
555|0|143|1
387|0|125|1
483|0|118|1
457|0|132|1
435|0|132|1
432|0|125|1
474|0|117|1
421|0|135|1
445|0|145|1
503|0|140|1
454|0|155|1
508|0|133|1
468|0|130|1
548|0|146|1
480|0|149|1
468|0|121|1
406|0|122|1
476|0|137|1
434|0|125|1
507|0|126|1
460|0|118|1
462|0|139|1
536|0|130|1
421|0|114|1
438|0|140|1
511|0|153|1
497|0|142|1
488|0|133|1
483|0|138|1
409|0|127|1
402|0|129|1
446|0|141|1
440|0|142|1
402|0|111|1
530|0|156|1
451|0|118|1
465|0|132|1
486|0|155|1
469|0|130|1
426|0|135|1
515|0|136|1
404|0|120|1
444|0|106|1
475|0|133|1
520|0|140|1
457|0|139|1
517|0|136|1
422|0|130|1
455|0|140|1
534|0|153|1
385|0|118|1
510|0|135|1
447|0|146|1
423|0|150|1
506|0|133|1
542|0|160|1
397|0|114|1
548|0|132|1
574|0|160|1
439|0|145|1
437|0|124|1
531|0|160|1
354|0|111|1
416|0|108|1
482|0|128|1
405|0|125|1
461|0|133|1
511|0|140|1
412|0|124|1
467|0|136|1
515|0|142|1
378|0|115|1
378|0|128|1
490|0|136|1
414|0|117|1
400|0|135|1
417|0|121|1
411|0|129|1
464|0|133|1
456|0|125|1
436|0|131|1
395|0|110|1
399|0|104|1
419|0|120|1
527|0|125|1
362|0|105|1
410|0|126|1
494|0|107|1
397|0|107|1
380|0|132|1
498|0|146|1
468|0|111|1
412|0|139|1
509|0|112|1
468|0|124|1
472|0|147|1
522|0|130|1
436|0|131|1
456|0|127|1
531|0|117|1
460|0|122|1
495|0|126|1
505|0|134|1
458|0|116|1
395|0|128|1
513|0|125|1
497|0|114|1
467|0|148|1
410|0|114|1
528|0|156|1
499|0|123|1
561|0|116|1
461|0|122|1
422|0|126|1
442|0|140|1
455|0|131|1
523|0|141|1
417|0|125|1
450|0|123|1
497|0|156|1
458|0|126|1
491|0|127|1
531|0|142|1
520|0|142|1
485|0|128|1
472|0|131|1
431|0|121|1
444|0|103|1
484|0|141|1
509|0|124|1
496|0|113|1
515|0|141|1
537|0|140|1
455|0|138|1
551|0|143|1
505|0|123|1
472|0|143|1
553|0|139|1
433|0|134|1
514|0|123|1
472|0|121|1
374|0|128|1
438|0|142|1
541|0|140|1
463|0|129|1
498|0|132|1
480|0|129|1
545|0|138|1
492|0|148|1
477|0|155|1
472|0|132|1
464|0|122|1
554|0|150|1
443|0|117|1
478|0|129|1
536|0|154|1
531|0|127|1
417|0|118|1
482|0|129|1
518|0|126|1
420|0|142|1
530|0|163|1
501|0|143|1
476|0|118|1
546|0|144|1
507|0|129|1
364|0|120|1
522|0|130|1
555|0|137|1
412|0|113|1
377|0|118|1
536|0|125|1
484|0|136|1
474|0|134|1
524|0|131|1
471|0|140|1
513|0|129|1
494|0|120|1
502|0|153|1
552|0|136|1
9477|2|504|2
12225|3|535|2
9463|2|289|2
1862|0|352|2
3772|1|272|2
926|0|101|2
1226|0|183|2
2781|1|272|2
1208|0|156|2
3045|1|237|2
1047|0|163|2
2357|1|217|2
1351|0|156|2
4048|1|295|2
4667|1|300|2
1383|0|194|2
3830|2|270|2
1824|0|215|2
1095|0|156|2
1044|0|131|2
1389|0|180|2
1091|0|150|2
7690|1|328|2
2377|1|204|2
4547|1|262|2
1073|0|147|2
1238|0|193|2
5149|1|166|2
1134|0|199|2
1102|0|185|2
4084|1|225|2
1808|0|295|2
1045|0|138|2
2076|0|311|2
2269|0|215|2
4652|1|163|2
3258|1|203|2
3915|1|231|2
2608|1|204|2
2398|0|256|2
931|0|135|2
3997|1|219|2
1589|0|221|2
2123|1|204|2
5024|1|182|2
1282|0|209|2
2098|0|239|2
1218|0|160|2
953|0|195|2
6336|1|261|2
1163|0|174|2
887|0|144|2
722|0|131|2
661|0|104|2
2875|1|228|2
786|0|154|2
1279|0|240|2
2206|2|181|2
4021|1|216|2
4023|1|225|2
671|0|114|2
2512|1|209|2
1621|0|286|2
1761|1|178|2
938|0|154|2
2636|1|224|2
762|0|135|2
732|0|113|2
3775|1|200|2
744|0|151|2
5179|1|213|2
662|0|137|2
786|0|169|2
645|0|145|2
740|0|164|2
682|0|156|2
3960|1|169|2
1169|0|212|2
1492|0|166|2
767|0|155|2
4583|1|103|2
565|0|101|2
686|0|141|2
647|0|122|2
1777|0|204|2
799|0|178|2
3734|1|222|2
2464|1|161|2
609|0|125|2
622|0|145|2
686|0|139|2
2362|2|186|2
2271|1|229|2
4578|1|161|2
1212|0|285|2
583|0|126|2
2780|1|210|2
1707|1|203|2
530|0|119|2
561|0|143|2
810|0|134|2
4559|1|137|2
523|0|132|2
4452|1|245|2
1380|0|183|2
657|0|182|2
2326|1|252|2
2694|2|214|2
715|0|151|2
5655|1|170|2
4502|1|237|2
509|0|124|2
1504|0|235|2
654|0|146|2
615|0|134|2
2839|1|206|2
4433|1|105|2
595|0|128|2
3246|1|205|2
3250|1|204|2
770|0|158|2
875|0|146|2
3627|1|227|2
1299|0|190|2
2406|1|197|2
703|0|110|2
1857|1|205|2
551|0|127|2
4438|1|191|2
462|0|127|2
533|0|114|2
581|0|129|2
539|0|143|2
2395|1|173|2
1392|0|178|2
2073|1|206|2
734|0|190|2
3640|1|237|2
1264|0|180|2
419|0|117|2
461|0|154|2
1782|1|213|2
1681|0|200|2
443|0|115|2
4488|1|153|2
2596|1|214|2
872|0|216|2
593|0|117|2
624|0|189|2
2038|1|190|2
2284|1|206|2
855|0|156|2
6541|2|176|2
561|0|124|2
456|0|116|2
423|0|115|2
2140|0|242|2
529|0|160|2
443|0|105|2
1900|1|203|2
3515|1|210|2
277|0|77|2
404|0|117|2
387|0|104|2
4345|1|142|2
493|0|111|2
422|0|142|2
2344|1|167|2
611|0|175|2
350|0|105|2
388|0|126|2
4091|1|189|2
413|0|91|2
887|0|145|2
398|0|95|2
2221|1|180|2
2967|1|189|2
2957|1|169|2
781|0|212|2
450|0|101|2
916|0|138|2
393|0|96|2
486|0|119|2
552|0|135|2
4021|1|108|2
353|0|100|2
444|0|94|2
692|0|111|2
661|0|184|2
718|0|182|2
290|0|91|2
4019|1|122|2
560|0|130|2
2692|1|169|2
1477|1|141|2
2687|1|150|2
699|0|171|2
478|0|142|2
4120|1|104|2
2981|1|195|2
1311|2|161|2
2153|0|168|2
250|0|101|2
2737|2|182|2
709|0|191|2
1138|0|156|2
339|0|92|2
285|0|100|2
4901|1|121|2
2741|1|158|2
2809|1|181|2
777|0|112|2
283|0|91|2
2055|1|241|2
303|0|80|2
246|0|78|2
3986|1|103|2
369|0|100|2
3178|1|159|2
770|0|207|2
3350|1|208|2
3320|1|201|2
423|0|94|2
313|0|89|2
254|0|67|2
1197|1|172|2
1186|1|138|2
4194|1|111|2
578|0|132|2
406|0|117|2
2795|1|182|2
595|0|103|2
232|0|72|2
473|0|149|2
1578|0|156|2
1622|1|177|2
401|0|112|2
350|0|88|2
2730|1|165|2
1356|0|177|2
547|0|186|2
1659|0|160|2
366|0|87|2
4316|1|190|2
2453|1|145|2
2802|1|144|2
1312|0|135|2
259|0|91|2
1017|0|138|2
276|0|63|2
539|0|128|2
351|0|96|2
2890|1|158|2
3813|1|97|2
3023|2|161|2
2121|1|123|2
318|0|80|2
227|0|63|2
346|0|100|2
327|0|80|2
4700|1|98|2
452|0|81|2
293|0|80|2
2844|1|148|2
338|0|81|2
908|0|108|2
2674|1|229|2
238|0|81|2
995|0|136|2
271|0|58|2
245|0|69|2
1406|1|138|2
303|0|75|2
507|0|110|2
2894|1|158|2
233|0|65|2
478|0|109|2
202|0|63|2
412|0|92|2
1592|1|160|2
318|0|76|2
858|0|129|2
297|0|94|2
2902|1|158|2
408|0|87|2
4522|1|144|2
212|0|71|2
2509|1|158|2
468|0|78|2
382|0|95|2
3399|1|167|2
811|0|261|2
269|0|83|2
294|0|80|2
2695|1|146|2
4278|1|112|2
1100|0|136|2
721|0|123|2
280|0|81|2
264|0|103|2
197|0|82|2
285|0|88|2
2631|1|180|2
1027|0|132|2
327|0|83|2
442|0|93|2
680|0|191|2
331|0|91|2
1953|1|145|2
4388|1|173|2
1490|0|163|2
594|0|117|2
670|0|201|2
1154|0|126|2
343|0|113|2
2193|1|171|2
400|0|111|2
2669|1|183|2
289|0|78|2
650|0|131|2
1273|1|136|2
429|0|104|2
474|0|136|2
411|0|118|2
3259|1|173|2
698|0|133|2
309|0|79|2
303|0|98|2
1555|1|107|2
822|0|104|2
2622|1|177|2
261|0|77|2
591|0|114|2
4220|1|89|2
420|0|121|2
295|0|85|2
3833|1|233|2
1294|1|151|2
209|0|85|2
371|0|101|2
1808|1|143|2
2936|1|166|2
277|0|80|2
216|0|69|2
2940|2|170|2
4162|1|92|2
587|0|132|2
175|0|66|2
3148|1|174|2
396|0|142|2
770|0|110|2
2138|1|139|2
191|0|78|2
306|0|85|2
200|0|67|2
365|0|131|2
1331|0|146|2
209|0|52|2
1118|0|168|2
4159|1|84|2
1068|0|128|2
3159|1|168|2
678|0|134|2
339|0|75|2
3857|3|224|2
4051|1|93|2
1807|1|130|2
553|0|123|2
226|0|70|2
303|0|63|2
1406|1|134|2
260|0|87|2
758|0|106|2
3674|1|123|2
2431|1|121|2
3173|1|149|2
180|0|60|2
290|0|68|2
716|0|117|2
3315|1|156|2
611|0|105|2
3279|1|152|2
214|0|69|2
332|0|92|2
4131|1|63|2
864|0|111|2
218|0|55|2
273|0|80|2
4008|1|182|2
2252|1|157|2
1784|1|237|2
1402|1|136|2
327|0|84|2
4528|1|202|2
217|0|78|2
281|0|81|2
3158|1|128|2
1648|0|171|2
372|0|115|2
4729|1|101|2
335|0|81|2
236|0|72|2
413|0|67|2
653|0|105|2
1561|0|137|2
4330|1|134|2
607|0|213|2
1365|0|95|2
339|0|95|2
2070|1|176|2
451|0|97|2
2238|1|146|2
1271|0|135|2
2263|1|154|2
343|0|102|2
705|0|224|2
237|0|59|2
348|0|75|2
251|0|74|2
243|0|66|2
2595|1|115|2
2991|1|163|2
3023|1|152|2
1724|1|139|2
239|0|72|2
894|0|121|2
352|0|74|2
2292|1|121|2
407|0|97|2
3426|1|136|2
613|0|133|2
309|0|87|2
344|0|76|2
909|0|160|2
1650|0|207|2
2101|1|159|2
302|0|71|2
366|0|105|2
3523|1|197|2
388|0|101|2
1175|0|156|2
265|0|83|2
739|0|138|2
327|0|129|2
1013|1|127|2
352|0|87|2
288|0|73|2
2170|1|123|2
2568|2|175|2
357|0|81|2
3190|1|207|2
273|0|84|2
475|0|173|2
1633|0|154|2
356|0|77|2
1986|1|129|2
1259|1|136|2
305|0|71|2
337|0|69|2
1666|1|154|2
382|0|107|2
2705|1|147|2
3291|1|189|2
339|0|110|2
530|0|160|2
3970|1|106|2
1086|0|168|2
292|0|84|2
2206|1|167|2
959|0|111|2
357|0|83|2
783|0|139|2
354|0|86|2
3953|1|192|2
1675|1|142|2
407|0|91|2
493|0|102|2
3738|1|99|2
658|0|191|2
2479|1|144|2
355|0|80|2
289|0|86|2
1428|0|125|2
295|0|83|2
2146|0|156|2
322|0|113|2
3908|1|106|2
3079|1|172|2
1228|0|167|2
862|0|142|2
340|0|87|2
312|0|95|2
617|0|119|2
569|0|144|2
246|0|63|2
326|0|83|2
2927|1|151|2
4193|1|85|2
1955|0|168|2
653|0|122|2
280|0|67|2
331|0|73|2
197|0|71|2
947|0|100|2
1628|0|192|2
195|0|74|2
3898|1|102|2
210|0|69|2
396|0|91|2
184|0|62|2
305|0|81|2
1306|0|154|2
2438|1|162|2
530|0|125|2
2307|2|192|2
392|0|130|2
